45.569721,9.172825
45.56974,9.172377
45.569754,9.1735
45.569871,9.173151
45.569897,9.173898
45.570058,9.174513
45.570414,9.175115
45.570479,9.169225
45.57057,9.168868
45.570597,9.172635
45.570797,9.168379
45.570804,9.174713
45.570908,9.174299
45.570986,9.171875
45.571013,9.163948
45.571034,9.175333
45.571057,9.17345
45.571077,9.176152
45.571115,9.173404
45.5712,9.172761
45.571276,9.174068
45.571338,9.164811
45.571379,9.173394
45.5714,9.174805
45.571632,9.174245
45.571672,9.174901
45.571672,9.175492
45.571819,9.173378
45.571906,9.172375
45.571909,9.172852
45.572438,9.175482
45.572458,9.175363
45.572489,9.172218
45.572576,9.173075
45.572597,9.173815
45.572613,9.174468
45.572778,9.172919
45.572817,9.17525
45.572876,9.173122
45.572907,9.17376
45.572978,9.17276
45.573057,9.175078
45.5731,9.173268
45.573307,9.170296
45.573418,9.175197
45.573496,9.170781
45.573512,9.173364
45.573534,9.170153
45.573668,9.175398
45.573687,9.172969
45.573749,9.170079
45.573749,9.175007
45.573788,9.170892
45.573846,9.17236
45.573854,9.174614
45.574012,9.174891
45.574033,9.172602
45.574053,9.173304
45.574092,9.173191
45.574148,9.174559
45.57427,9.173435
45.5743,9.18351
45.5743,9.183536
45.574311,9.174235
45.574372,9.183584
45.574431,9.169448
45.574508,9.172716
45.574523,9.183468
45.574527,9.173188
45.574613,9.173499
45.574626,9.168873
45.574714,9.173057
45.574986,9.171034
45.574993,9.170608
45.575096,9.171609
45.575115,9.151872
45.575276,9.17285
45.575312,9.172078
45.575374,9.173303
45.575501,9.183638
45.575527,9.16781
45.575679,9.178947
45.575758,9.184324
45.575839,9.178542
45.575871,9.183568
45.575883,9.174137
45.575913,9.18253
45.575919,9.183143
45.575992,9.178948
45.57605,9.168748
45.576114,9.174951
45.576161,9.180749
45.576165,9.183312
45.576213,9.178113
45.576335,9.175507
45.576372,9.175602
45.576429,9.175916
45.576444,9.181425
45.57651,9.180597
45.576549,9.179325
45.576554,9.181096
45.576555,9.17657
45.57656,9.180426
45.576566,9.17706
45.576759,9.177198
45.576954,9.185358
45.577294,9.179275
45.577309,9.18248
45.577324,9.185336
45.577481,9.150513
45.577489,9.181993
45.577525,9.150588
45.57755,9.153794
45.577563,9.182791
45.577581,9.16824
45.577586,9.179755
45.577589,9.150199
45.577611,9.167792
45.577687,9.183549
45.577737,9.154652
45.577756,9.151869
45.577856,9.180869
45.577877,9.179896
45.577959,9.185544
45.578022,9.151257
45.578032,9.179779
45.578055,9.151792
45.578109,9.152531
45.578128,9.156517
45.578164,9.156006
45.578215,9.156259
45.578269,9.18008
45.578507,9.1508
45.57886,9.150539
45.579036,9.168109
45.579159,9.16843
45.579862,9.166712
45.580312,9.156215
45.580321,9.154542
45.580538,9.156772
45.581014,9.157491
45.581043,9.154487
45.581208,9.157316
45.581231,9.153213
45.581269,9.153738
45.58132,9.157765
45.581455,9.156897
45.58148,9.156557
45.581602,9.154832
45.582634,9.158811
45.582752,9.163458
45.58295,9.158959
45.583152,9.164801
45.583253,9.163672
45.583404,9.165588
45.583715,9.159466
45.583879,9.159744
45.583889,9.159421
45.583973,9.166005
45.58419,9.160273
45.584309,9.160851
45.584639,9.162206
45.585017,9.162648
45.585053,9.162183
45.58511,9.163137
